1 0.135961 0.0872971 0.0486643
1.00833 0.13871 0.0888197 0.0498901
1.01667 0.141503 0.0903666 0.0511365
1.025 0.144342 0.0919381 0.0524034
1.03333 0.147226 0.0935348 0.0536912
1.04167 0.150157 0.095157 0.0549999
1.05 0.153135 0.0968054 0.0563297
1.05833 0.156161 0.0984805 0.0576809
1.06667 0.159236 0.100183 0.0590535
1.075 0.162361 0.101913 0.0604478
1.08333 0.165535 0.103671 0.0618639
1.09167 0.16876 0.105458 0.063302
1.1 0.172037 0.107274 0.0647622
1.10833 0.175366 0.109121 0.0662448
1.11667 0.178748 0.110998 0.0677498
1.125 0.182184 0.112907 0.0692775
1.13333 0.185675 0.114847 0.070828
1.14167 0.189221 0.11682 0.0724015
1.15 0.192824 0.118826 0.0739981
1.15833 0.196484 0.120866 0.0756181
1.16667 0.200202 0.12294 0.0772616
1.175 0.203979 0.125051 0.0789287
1.18333 0.207816 0.127197 0.0806197
1.19167 0.211714 0.12938 0.0823346
1.2 0.215674 0.1316 0.0840737
1.20833 0.219697 0.13386 0.0858372
1.21667 0.223783 0.136158 0.0876252
1.225 0.227935 0.138497 0.0894378
1.23333 0.232152 0.140877 0.0912753
1.24167 0.236436 0.143299 0.0931378
1.25 0.240789 0.145763 0.0950254
1.25833 0.24521 0.148272 0.0969384
1.26667 0.249702 0.150825 0.098877
1.275 0.254265 0.153424 0.100841
1.28333 0.258901 0.15607 0.102831
1.29167 0.263611 0.158764 0.104847
1.3 0.268396 0.161507 0.10689
1.30833 0.273258 0.1643 0.108958
1.31667 0.278197 0.167144 0.111053
1.325 0.283216 0.17004 0.113175
1.33333 0.288315 0.172991 0.115324
1.34167 0.293496 0.175996 0.1175
1.35 0.29876 0.179057 0.119703
1.35833 0.304109 0.182176 0.121933
1.36667 0.309545 0.185354 0.124191
1.375 0.315068 0.188592 0.126476
1.38333 0.320682 0.191892 0.12879
1.39167 0.326386 0.195255 0.131131
1.4 0.332183 0.198682 0.133501
1.40833 0.338075 0.202176 0.135899
1.41667 0.344064 0.205738 0.138326
1.425 0.350151 0.20937 0.140781
1.43333 0.356338 0.213072 0.143266
1.44167 0.362627 0.216848 0.145779
1.45 0.36902 0.220699 0.148321
1.45833 0.37552 0.224627 0.150893
1.46667 0.382128 0.228633 0.153495
1.475 0.388846 0.23272 0.156126
1.48333 0.395677 0.23689 0.158787
1.49167 0.402624 0.241145 0.161478
1.5 0.409687 0.245487 0.1642
1.50833 0.41687 0.249919 0.166952
1.51667 0.424176 0.254442 0.169734
1.525 0.431607 0.259059 0.172547
1.53333 0.439165 0.263773 0.175391
1.54167 0.446853 0.268587 0.178267
1.55 0.454675 0.273502 0.181173
1.55833 0.462633 0.278522 0.184111
1.56667 0.47073 0.283649 0.18708
1.575 0.478969 0.288887 0.190082
1.58333 0.487353 0.294239 0.193115
1.59167 0.495887 0.299707 0.19618
1.6 0.504572 0.305294 0.199277
1.60833 0.513413 0.311006 0.202407
1.61667 0.522413 0.316843 0.20557
1.625 0.531577 0.322812 0.208765
1.63333 0.540907 0.328914 0.211994
1.64167 0.550409 0.335154 0.215255
1.65 0.560085 0.341536 0.21855
1.65833 0.569941 0.348064 0.221878
1.66667 0.579981 0.354742 0.225239
1.675 0.59021 0.361575 0.228635
1.68333 0.600631 0.368567 0.232064
1.69167 0.611251 0.375724 0.235528
1.7 0.622075 0.383049 0.239026
1.70833 0.633107 0.390549 0.242558
1.71667 0.644353 0.398228 0.246125
1.725 0.655819 0.406092 0.249727
1.73333 0.667511 0.414147 0.253364
1.74167 0.679435 0.422399 0.257035
1.75 0.691597 0.430854 0.260743
1.75833 0.704003 0.439518 0.264485
1.76667 0.716662 0.448398 0.268264
1.775 0.729579 0.457502 0.272078
1.78333 0.742763 0.466835 0.275928
1.79167 0.756221 0.476407 0.279814
1.8 0.76996 0.486223 0.283737
1.80833 0.78399 0.496294 0.287696
1.81667 0.798318 0.506627 0.291691
1.825 0.812955 0.517231 0.295724
1.83333 0.827909 0.528115 0.299793
1.84167 0.843189 0.539289 0.3039
1.85 0.858807 0.550763 0.308044
1.85833 0.874773 0.562547 0.312226
1.86667 0.891098 0.574653 0.316445
1.875 0.907792 0.58709 0.320702
1.88333 0.92487 0.599873 0.324997
1.89167 0.942342 0.613011 0.32933
1.9 0.960222 0.62652 0.333702
1.90833 0.978524 0.640412 0.338112
1.91667 0.997262 0.654701 0.342561
1.925 1.01645 0.669402 0.347048
1.93333 1.03611 0.684531 0.351575
1.94167 1.05624 0.700103 0.356141
1.95 1.07688 0.716136 0.360746
1.95833 1.09804 0.732647 0.365391
1.96667 1.11973 0.749656 0.370075
1.975 1.14198 0.767181 0.3748
1.98333 1.16481 0.785243 0.379564
1.99167 1.18823 0.803863 0.384368
2 1.21228 0.823064 0.389213
2.00833 1.23697 0.84287 0.394099
2.01667 1.26233 0.863306 0.399025
2.025 1.28839 0.884397 0.403992
2.03333 1.31517 0.906172 0.409
2.04167 1.34271 0.928659 0.41405
2.05 1.37103 0.951888 0.41914
2.05833 1.40016 0.975892 0.424273
2.06667 1.43015 1.00071 0.429447
2.075 1.46102 1.02636 0.434662
2.08333 1.49282 1.0529 0.43992
2.09167 1.52558 1.08036 0.445221
2.1 1.55935 1.10879 0.450563
2.10833 1.59417 1.13822 0.455948
2.11667 1.63009 1.16871 0.461376
2.125 1.66715 1.2003 0.466847
2.13333 1.70542 1.23305 0.472361
2.14167 1.74494 1.26702 0.477918
2.15 1.78578 1.30226 0.483519
2.15833 1.82799 1.33883 0.489163
2.16667 1.87166 1.37681 0.494851
2.175 1.91684 1.41625 0.500582
2.18333 1.96361 1.45725 0.506358
2.19167 2.01205 1.49987 0.512178
2.2 2.06226 1.54421 0.518043
2.20833 2.11431 1.59036 0.523952
2.21667 2.16831 1.6384 0.529906
2.225 2.22436 1.68846 0.535905
2.23333 2.28257 1.74062 0.541949
2.24167 2.34306 1.79503 0.548038
2.25 2.40596 1.85179 0.554173
2.25833 2.4714 1.91105 0.560353
2.26667 2.53953 1.97295 0.566579
2.275 2.61051 2.03766 0.572851
2.28333 2.6845 2.10533 0.57917
2.29167 2.76168 2.17615 0.585534
2.3 2.84225 2.25031 0.591945
2.30833 2.92642 2.32802 0.598402
2.31667 3.01441 2.40951 0.604907
2.325 3.10648 2.49502 0.611458
2.33333 3.20287 2.58482 0.618056
2.34167 3.30389 2.67919 0.624702
2.35 3.40983 2.77844 0.631395
2.35833 3.52104 2.88291 0.638136
2.36667 3.63789 2.99296 0.644925
2.375 3.76077 3.109 0.651761
2.38333 3.89011 3.23146 0.658646
2.39167 4.02639 3.36081 0.665579
2.4 4.17014 3.49758 0.672561
2.40833 4.32191 3.64232 0.679591
2.41667 4.48233 3.79566 0.68667
2.425 4.65209 3.95829 0.693798
2.43333 4.83194 4.13097 0.700975
2.44167 5.02272 4.31452 0.708202
2.45 5.22534 4.50986 0.715478
2.45833 5.44081 4.71801 0.722803
2.46667 5.67028 4.9401 0.730179
2.475 5.915 5.1774 0.737604
2.48333 6.17636 5.43128 0.74508
2.49167 6.45594 5.70334 0.752606
2.5 6.75548 5.9953 0.760182
2.50833 7.07696 6.30915 0.76781
2.51667 7.42258 6.64709 0.775488
2.525 7.79485 7.01164 0.783217
2.53333 8.19661 7.40562 0.790997
2.54167 8.63108 7.83225 0.798828
2.55 9.10192 8.29521 0.806712
2.55833 9.61334 8.79869 0.814646
2.56667 10.1701 9.34751 0.822633
2.575 10.7779 9.94724 0.830672
2.58333 11.4431 10.6043 0.838763
2.59167 12.1731 11.3262 0.846906
2.6 12.9767 12.1216 0.855102
2.60833 13.8641 13.0008 0.86335
2.61667 14.8475 13.9758 0.871652
2.625 15.9411 15.0611 0.880006
2.63333 17.1621 16.2737 0.888414
2.64167 18.5311 17.6342 0.896875
2.65 20.0728 19.1674 0.905389
2.65833 21.8177 20.9038 0.913958
2.66667 23.803 22.8804 0.92258
2.675 26.0749 25.1436 0.931256
2.68333 28.691 27.751 0.939987
2.69167 31.7246 30.7758 0.948771
2.7 35.269 34.3114 0.957611
2.70833 39.4455 38.479 0.966505
2.71667 44.4132 43.4377 0.975454
2.725 50.3846 49.4002 0.984458
2.73333 57.6488 56.6553 0.993518
2.74167 66.6062 65.6036 1.00263
2.75 77.8253 76.8135 1.0118
2.75833 92.134 91.113 1.02103
2.76667 110.776 109.746 1.03031
2.775 135.691 134.651 1.03965
2.78333 170.032 168.983 1.04904
2.79167 219.216 218.158 1.05849
2.8 293.186 292.118 1.068
2.80833 411.834 410.756 1.07757
2.81667 619.869 618.782 1.08719
2.825 1035.86 1034.76 1.09686
2.83333 2067.09 2065.98 1.1066
2.84167 5972.1 5970.99 1.11639
2.85 65402.1 65400.9 1.12624
2.85833 38411.9 38410.8 1.13615
2.86667 5044.32 5043.17 1.14612
2.875 1885.65 1884.49 1.15614
2.88333 979.907 978.74 1.16622
2.89167 599.928 598.752 1.17637
2.9 405.301 404.114 1.18657
2.90833 292.436 291.239 1.19682
2.91667 221.182 219.975 1.20714
2.925 173.324 172.106 1.21752
2.93333 139.627 138.399 1.22795
2.94167 115.004 113.765 1.23845
2.95 96.4624 95.2134 1.249
2.95833 82.1504 80.8908 1.25962
2.96667 70.8711 69.6008 1.27029
2.975 61.8232 60.5422 1.28103
2.98333 54.4539 53.1621 1.29182
2.99167 48.3716 47.0689 1.30268
3 43.2927 41.9791 1.3136
3.00833 39.0079 37.6833 1.32457
3.01667 35.3595 34.0239 1.33561
3.025 32.2275 30.8808 1.34671
3.03333 29.5186 28.1608 1.35787
3.04167 27.16 25.7909 1.36909
3.05 25.0938 23.7134 1.38038
3.05833 23.2735 21.8818 1.39172
3.06667 21.6617 20.2585 1.40313
3.075 20.2277 18.8131 1.4146
3.08333 18.9464 17.5203 1.42613
3.09167 17.797 16.3592 1.43772
3.1 16.7619 15.3125 1.44938
3.10833 15.8266 14.3655 1.4611
3.11667 14.9787 13.5059 1.47288
3.125 14.2078 12.7231 1.48473
3.13333 13.5049 12.0082 1.49664
3.14167 12.8622 11.3536 1.50861
3.15 12.2732 10.7526 1.52065
3.15833 11.7322 10.1994 1.53275
3.16667 11.2341 9.68916 1.54492
3.175 10.7745 9.2174 1.55714
3.18333 10.3498 8.78036 1.56944
3.19167 9.95647 8.37467 1.5818
3.2 9.59161 7.99739 1.59422
3.20833 9.25261 7.64591 1.60671
3.21667 8.93715 7.3179 1.61926
3.225 8.64317 7.01129 1.63188
3.23333 8.36882 6.72426 1.64456
3.24167 8.11246 6.45516 1.65731
3.25 7.87262 6.2025 1.67012
3.25833 7.64796 5.96496 1.683
3.26667 7.4373 5.74135 1.69595
3.275 7.23955 5.53059 1.70896
3.28333 7.05373 5.3317 1.72204
3.29167 6.87898 5.14379 1.73518
3.3 6.71447 4.96607 1.7484
3.30833 6.55948 4.79781 1.76167
3.31667 6.41335 4.63833 1.77502
3.325 6.27546 4.48703 1.78843
3.33333 6.14527 4.34335 1.80191
3.34167 6.02225 4.20679 1.81546
3.35 5.90595 4.07687 1.82908
3.35833 5.79593 3.95316 1.84276
3.36667 5.69179 3.83528 1.85651
3.375 5.59319 3.72285 1.87033
3.38333 5.49977 3.61555 1.88422
3.39167 5.41123 3.51305 1.89818
3.4 5.32729 3.41508 1.91221
3.40833 5.24767 3.32137 1.9263
3.41667 5.17213 3.23166 1.94046
3.425 5.10044 3.14574 1.9547
3.43333 5.03239 3.06339 1.969
3.44167 4.96778 2.98441 1.98337
3.45 4.90643 2.90861 1.99781
3.45833 4.84816 2.83583 2.01233
3.46667 4.79282 2.76591 2.02691
3.475 4.74025 2.69869 2.04156
3.48333 4.69032 2.63404 2.05628
3.49167 4.6429 2.57182 2.07108
3.5 4.59786 2.51192 2.08594
3.50833 4.55509 2.45421 2.10088
3.51667 4.51448 2.39859 2.11588
3.525 4.47592 2.34496 2.13096
3.53333 4.43934 2.29323 2.14611
3.54167 4.40462 2.24329 2.16133
3.55 4.3717 2.19508 2.17662
3.55833 4.34049 2.1485 2.19199
3.56667 4.31092 2.10349 2.20742
3.575 4.28291 2.05998 2.22293
3.58333 4.2564 2.01789 2.23851
3.59167 4.23133 1.97717 2.25417
3.6 4.20764 1.93775 2.26989
3.60833 4.18527 1.89958 2.28569
3.61667 4.16417 1.86261 2.30156
3.625 4.14429 1.82678 2.31751
3.63333 4.12558 1.79205 2.33353
3.64167 4.108 1.75838 2.34962
3.65 4.0915 1.72571 2.36579
3.65833 4.07604 1.69401 2.38203
3.66667 4.06159 1.66325 2.39835
3.675 4.04811 1.63337 2.41474
3.68333 4.03556 1.60436 2.4312
3.69167 4.02391 1.57617 2.44774
3.7 4.01312 1.54877 2.46435
3.70833 4.00318 1.52214 2.48104
3.71667 3.99405 1.49624 2.49781
3.725 3.98569 1.47105 2.51464
3.73333 3.9781 1.44654 2.53156
3.74167 3.97124 1.42269 2.54855
3.75 3.96509 1.39947 2.56562
3.75833 3.95962 1.37686 2.58276
3.76667 3.95482 1.35484 2.59998
3.775 3.95066 1.33339 2.61727
3.78333 3.94712 1.31248 2.63464
3.79167 3.9442 1.29211 2.65209
3.8 3.94186 1.27224 2.66961
3.80833 3.94009 1.25287 2.68722
3.81667 3.93887 1.23398 2.7049
3.825 3.93819 1.21554 2.72265
3.83333 3.93804 1.19756 2.74049
3.84167 3.9384 1.18 2.7584
3.85 3.93925 1.16286 2.77639
3.85833 3.94058 1.14613 2.79445
3.86667 3.94238 1.12978 2.8126
3.875 3.94464 1.11382 2.83082
3.88333 3.94735 1.09822 2.84913
3.89167 3.95049 1.08298 2.86751
3.9 3.95405 1.06808 2.88597
3.90833 3.95802 1.05351 2.90451
3.91667 3.9624 1.03927 2.92313
3.925 3.96717 1.02535 2.94182
3.93333 3.97233 1.01172 2.9606
3.94167 3.97786 0.998396 2.97946
3.95 3.98375 0.985356 2.9984
3.95833 3.99001 0.972594 3.01741
3.96667 3.99661 0.960102 3.03651
3.975 4.00356 0.947872 3.05569
3.98333 4.01085 0.935898 3.07495
3.99167 4.01846 0.924171 3.09429
4 4.02639 0.912686 3.11371
4.00833 4.03464 0.901434 3.13321
4.01667 4.0432 0.89041 3.15279
4.025 4.05206 0.879607 3.17245
4.03333 4.06122 0.86902 3.1922
4.04167 4.07067 0.858642 3.21203
4.05 4.0804 0.848468 3.23194
4.05833 4.09042 0.838492 3.25193
4.06667 4.10071 0.82871 3.272
4.075 4.11127 0.819115 3.29216
4.08333 4.1221 0.809703 3.3124
4.09167 4.13319 0.80047 3.33272
4.1 4.14453 0.791411 3.35312
4.10833 4.15613 0.78252 3.37361
4.11667 4.16798 0.773795 3.39418
4.125 4.18006 0.76523 3.41483
4.13333 4.19239 0.756823 3.43557
4.14167 4.20496 0.748568 3.45639
4.15 4.21776 0.740462 3.4773
4.15833 4.23079 0.732501 3.49829
4.16667 4.24405 0.724682 3.51936
4.175 4.25752 0.717002 3.54052
4.18333 4.27122 0.709456 3.56176
4.19167 4.28513 0.702043 3.58309
4.2 4.29926 0.694758 3.60451
4.20833 4.3136 0.687598 3.626
4.21667 4.32815 0.680561 3.64759
4.225 4.3429 0.673644 3.66926
4.23333 4.35785 0.666844 3.69101
4.24167 4.37301 0.660158 3.71285
4.25 4.38836 0.653584 3.73478
4.25833 4.40391 0.647118 3.75679
4.26667 4.41965 0.64076 3.77889
4.275 4.43558 0.634505 3.80107
4.28333 4.4517 0.628353 3.82334
4.29167 4.468 0.6223 3.8457
4.3 4.48449 0.616344 3.86815
4.30833 4.50117 0.610484 3.89068
4.31667 4.51802 0.604717 3.9133
4.325 4.53505 0.599041 3.93601
4.33333 4.55226 0.593454 3.9588
4.34167 4.56964 0.587954 3.98169
4.35 4.5872 0.582539 4.00466
4.35833 4.60493 0.577209 4.02772
4.36667 4.62283 0.57196 4.05087
4.375 4.64089 0.566791 4.0741
4.38333 4.65913 0.5617 4.09743
4.39167 4.67753 0.556686 4.12084
4.4 4.69609 0.551747 4.14434
4.40833 4.71482 0.546882 4.16794
4.41667 4.73371 0.542089 4.19162
4.425 4.75276 0.537367 4.21539
4.43333 4.77196 0.532714 4.23925
4.44167 4.79133 0.528128 4.2632
4.45 4.81085 0.52361 4.28724
4.45833 4.83053 0.519156 4.31137
4.46667 4.85036 0.514766 4.33559
4.475 4.87034 0.510439 4.3599
4.48333 4.89048 0.506173 4.38431
4.49167 4.91077 0.501967 4.4088
4.5 4.9312 0.49782 4.43338
4.50833 4.95179 0.493731 4.45806
4.51667 4.97253 0.489699 4.48283
4.525 4.99341 0.485723 4.50768
4.53333 5.01444 0.481801 4.53263
4.54167 5.03561 0.477933 4.55768
4.55 5.05693 0.474117 4.58281
4.55833 5.07839 0.470353 4.60804
4.56667 5.1 0.466639 4.63336
4.575 5.12174 0.462976 4.65877
4.58333 5.14363 0.459361 4.68427
4.59167 5.16566 0.455793 4.70987
4.6 5.18783 0.452273 4.73556
4.60833 5.21014 0.448799 4.76134
4.61667 5.23259 0.445371 4.78722
4.625 5.25518 0.441986 4.81319
4.63333 5.2779 0.438646 4.83925
4.64167 5.30076 0.435348 4.86541
4.65 5.32376 0.432093 4.89166
4.65833 5.34689 0.428879 4.91801
4.66667 5.37016 0.425706 4.94445
4.675 5.39356 0.422572 4.97099
4.68333 5.4171 0.419478 4.99762
4.69167 5.44077 0.416423 5.02434
4.7 5.46457 0.413406 5.05116
4.70833 5.4885 0.410426 5.07808
4.71667 5.51257 0.407482 5.10509
4.725 5.53677 0.404575 5.1322
4.73333 5.5611 0.401703 5.1594
4.74167 5.58556 0.398865 5.1867
4.75 5.61015 0.396063 5.21409
4.75833 5.63487 0.393293 5.24158
4.76667 5.65973 0.390557 5.26917
4.775 5.68471 0.387854 5.29685
4.78333 5.70982 0.385182 5.32463
4.79167 5.73505 0.382542 5.35251
4.8 5.76042 0.379933 5.38049
4.80833 5.78591 0.377354 5.40856
4.81667 5.81153 0.374806 5.43673
4.825 5.83728 0.372287 5.46499
4.83333 5.86316 0.369797 5.49336
4.84167 5.88916 0.367335 5.52182
4.85 5.91529 0.364902 5.55038
4.85833 5.94154 0.362497 5.57904
4.86667 5.96792 0.360118 5.6078
4.875 5.99442 0.357767 5.63666
4.88333 6.02105 0.355441 5.66561
4.89167 6.04781 0.353142 5.69467
4.9 6.07469 0.350869 5.72382
4.90833 6.10169 0.34862 5.75307
4.91667 6.12882 0.346397 5.78243
4.925 6.15608 0.344198 5.81188
4.93333 6.18345 0.342023 5.84143
4.94167 6.21095 0.339871 5.87108
4.95 6.23858 0.337743 5.90083
4.95833 6.26632 0.335638 5.93069
4.96667 6.29419 0.333555 5.96064
4.975 6.32219 0.331495 5.99069
4.98333 6.3503 0.329457 6.02085
4.99167 6.37854 0.327441 6.0511
5 6.4069 0.325445 6.08146
5.00833 6.43539 0.323471 6.11192
5.01667 6.46399 0.321518 6.14248
5.025 6.49272 0.319585 6.17314
5.03333 6.52157 0.317672 6.2039
5.04167 6.55054 0.315778 6.23477
5.05 6.57964 0.313905 6.26573
5.05833 6.60885 0.31205 6.2968
5.06667 6.63819 0.310215 6.32798
5.075 6.66765 0.308398 6.35925
5.08333 6.69723 0.3066 6.39063
5.09167 6.72693 0.30482 6.42211
5.1 6.75675 0.303058 6.45369
5.10833 6.78669 0.301313 6.48538
5.11667 6.81676 0.299586 6.51717
5.125 6.84694 0.297876 6.54907
5.13333 6.87725 0.296183 6.58106
5.14167 6.90767 0.294507 6.61317
5.15 6.93822 0.292847 6.64537
5.15833 6.96889 0.291204 6.67769
5.16667 6.99968 0.289576 6.7101
5.175 7.03059 0.287965 6.74262
5.18333 7.06162 0.286369 6.77525
5.19167 7.09277 0.284788 6.80798
5.2 7.12404 0.283223 6.84081
5.20833 7.15543 0.281672 6.87376
5.21667 7.18694 0.280137 6.9068
5.225 7.21857 0.278616 6.93995
5.23333 7.25032 0.277109 6.97321
5.24167 7.28219 0.275617 7.00658
5.25 7.31419 0.274138 7.04005
5.25833 7.3463 0.272674 7.07363
5.26667 7.37853 0.271223 7.10731
5.275 7.41089 0.269785 7.1411
5.28333 7.44336 0.268361 7.175
5.29167 7.47595 0.26695 7.209
5.3 7.50867 0.265552 7.24311
5.30833 7.5415 0.264167 7.27733
5.31667 7.57446 0.262794 7.31166
5.325 7.60753 0.261434 7.3461
5.33333 7.64073 0.260086 7.38064
5.34167 7.67404 0.258751 7.41529
5.35 7.70748 0.257427 7.45005
5.35833 7.74103 0.256115 7.48492
5.36667 7.77471 0.254815 7.51989
5.375 7.8085 0.253527 7.55498
5.38333 7.84242 0.25225 7.59017
5.39167 7.87646 0.250984 7.62547
5.4 7.91062 0.249729 7.66089
5.40833 7.94489 0.248485 7.69641
5.41667 7.97929 0.247253 7.73204
5.425 8.01381 0.246031 7.76778
5.43333 8.04845 0.244819 7.80363
5.44167 8.08321 0.243618 7.83959
5.45 8.11809 0.242427 7.87567
5.45833 8.15309 0.241247 7.91185
5.46667 8.18822 0.240077 7.94814
5.475 8.22346 0.238916 7.98454
5.48333 8.25882 0.237766 8.02106
5.49167 8.29431 0.236625 8.05768
5.5 8.32992 0.235494 8.09442
5.50833 8.36564 0.234373 8.13127
5.51667 8.40149 0.23326 8.16823
5.525 8.43746 0.232158 8.2053
5.53333 8.47355 0.231064 8.24249
5.54167 8.50976 0.229979 8.27978
5.55 8.5461 0.228904 8.31719
5.55833 8.58255 0.227837 8.35471
5.56667 8.61913 0.226779 8.39235
5.575 8.65582 0.22573 8.43009
5.58333 8.69264 0.224689 8.46795
5.59167 8.72958 0.223657 8.50593
5.6 8.76664 0.222633 8.54401
5.60833 8.80383 0.221617 8.58221
5.61667 8.84113 0.22061 8.62053
5.625 8.87856 0.21961 8.65895
5.63333 8.91611 0.218619 8.69749
5.64167 8.95378 0.217635 8.73615
5.65 8.99158 0.21666 8.77492
5.65833 9.0295 0.215692 8.8138
5.66667 9.06753 0.214732 8.8528
5.675 9.1057 0.213779 8.89192
5.68333 9.14398 0.212834 8.93115
5.69167 9.18239 0.211896 8.97049
5.7 9.22091 0.210965 9.00995
5.70833 9.25957 0.210042 9.04952
5.71667 9.29834 0.209126 9.08921
5.725 9.33724 0.208217 9.12902
5.73333 9.37626 0.207315 9.16894
5.74167 9.4154 0.20642 9.20898
5.75 9.45467 0.205532 9.24914
5.75833 9.49406 0.20465 9.28941
5.76667 9.53358 0.203776 9.3298
5.775 9.57321 0.202907 9.37031
5.78333 9.61297 0.202046 9.41093
5.79167 9.65286 0.201191 9.45167
5.8 9.69287 0.200342 9.49252
5.80833 9.733 0.1995 9.5335
5.81667 9.77326 0.198664 9.57459
5.825 9.81364 0.197834 9.6158
5.83333 9.85414 0.197011 9.65713
5.84167 9.89477 0.196193 9.69858
5.85 9.93553 0.195382 9.74014
5.85833 9.9764 0.194576 9.78183
5.86667 10.0174 0.193777 9.82363
5.875 10.0585 0.192983 9.86555
5.88333 10.0998 0.192195 9.90759
5.89167 10.1412 0.191413 9.94975
5.9 10.1827 0.190637 9.99203
5.90833 10.2243 0.189866 10.0344
5.91667 10.266 0.1891 10.0769
5.925 10.3079 0.18834 10.1196
5.93333 10.3499 0.187586 10.1623
5.94167 10.3921 0.186837 10.2052
5.95 10.4343 0.186093 10.2482
5.95833 10.4767 0.185355 10.2913
5.96667 10.5192 0.184622 10.3346
5.975 10.5618 0.183894 10.3779
5.98333 10.6046 0.183171 10.4214
5.99167 10.6475 0.182453 10.465
6 10.6905 0.18174 10.5088
6.00833 10.7336 0.181033 10.5526
6.01667 10.7769 0.18033 10.5966
6.025 10.8203 0.179632 10.6407
6.03333 10.8638 0.178938 10.6849
6.04167 10.9075 0.17825 10.7292
6.05 10.9512 0.177566 10.7737
6.05833 10.9951 0.176888 10.8183
6.06667 11.0392 0.176213 10.863
6.075 11.0833 0.175544 10.9078
6.08333 11.1276 0.174878 10.9527
6.09167 11.172 0.174218 10.9978
6.1 11.2166 0.173562 11.043
6.10833 11.2612 0.17291 11.0883
6.11667 11.306 0.172262 11.1338
6.125 11.351 0.171619 11.1793
6.13333 11.396 0.170981 11.225
6.14167 11.4412 0.170346 11.2708
6.15 11.4865 0.169716 11.3168
6.15833 11.5319 0.16909 11.3629
6.16667 11.5775 0.168468 11.409
6.175 11.6232 0.16785 11.4554
6.18333 11.669 0.167237 11.5018
6.19167 11.715 0.166627 11.5484
6.2 11.7611 0.166021 11.5951
6.20833 11.8073 0.16542 11.6419
6.21667 11.8536 0.164822 11.6888
6.225 11.9001 0.164228 11.7359
6.23333 11.9467 0.163638 11.7831
6.24167 11.9935 0.163051 11.8304
6.25 12.0403 0.162469 11.8778
6.25833 12.0873 0.16189 11.9254
6.26667 12.1344 0.161315 11.9731
6.275 12.1817 0.160744 12.021
6.28333 12.2291 0.160176 12.0689
6.29167 12.2766 0.159612 12.117
6.3 12.3243 0.159051 12.1652
6.30833 12.372 0.158494 12.2135
6.31667 12.42 0.157941 12.262
6.325 12.468 0.157391 12.3106
6.33333 12.5162 0.156844 12.3593
6.34167 12.5645 0.156301 12.4082
6.35 12.6129 0.155761 12.4572
6.35833 12.6615 0.155225 12.5063
6.36667 12.7102 0.154692 12.5555
6.375 12.759 0.154162 12.6049
6.38333 12.808 0.153635 12.6544
6.39167 12.8571 0.153112 12.704
6.4 12.9063 0.152592 12.7537
6.40833 12.9557 0.152075 12.8036
6.41667 13.0052 0.151562 12.8536
6.425 13.0548 0.151051 12.9038
6.43333 13.1046 0.150544 12.9541
6.44167 13.1545 0.150039 13.0045
6.45 13.2045 0.149538 13.055
6.45833 13.2547 0.14904 13.1057
6.46667 13.305 0.148544 13.1565
6.475 13.3554 0.148052 13.2074
6.48333 13.406 0.147563 13.2585
6.49167 13.4567 0.147076 13.3096
6.5 13.5076 0.146593 13.361
6.50833 13.5585 0.146112 13.4124
6.51667 13.6096 0.145634 13.464
6.525 13.6609 0.145159 13.5157
6.53333 13.7123 0.144687 13.5676
6.54167 13.7638 0.144218 13.6196
6.55 13.8154 0.143751 13.6717
6.55833 13.8672 0.143287 13.7239
6.56667 13.9191 0.142826 13.7763
6.575 13.9712 0.142367 13.8288
6.58333 14.0234 0.141912 13.8815
6.59167 14.0757 0.141458 13.9342
6.6 14.1282 0.141008 13.9872
6.60833 14.1808 0.14056 14.0402
6.61667 14.2335 0.140114 14.0934
6.625 14.2864 0.139672 14.1467
6.63333 14.3394 0.139231 14.2002
6.64167 14.3925 0.138794 14.2537
6.65 14.4458 0.138358 14.3075
6.65833 14.4992 0.137925 14.3613
6.66667 14.5528 0.137495 14.4153
6.675 14.6065 0.137067 14.4694
6.68333 14.6603 0.136642 14.5237
6.69167 14.7143 0.136219 14.5781
6.7 14.7684 0.135798 14.6326
6.70833 14.8227 0.13538 14.6873
6.71667 14.8771 0.134964 14.7421
6.725 14.9316 0.13455 14.797
6.73333 14.9862 0.134139 14.8521
6.74167 15.0411 0.133729 14.9073
6.75 15.096 0.133323 14.9627
6.75833 15.1511 0.132918 15.0182
6.76667 15.2063 0.132516 15.0738
6.775 15.2617 0.132116 15.1295
6.78333 15.3172 0.131718 15.1854
6.79167 15.3728 0.131322 15.2415
6.8 15.4286 0.130928 15.2976
6.80833 15.4845 0.130537 15.354
6.81667 15.5405 0.130148 15.4104
6.825 15.5967 0.129761 15.467
6.83333 15.6531 0.129375 15.5237
6.84167 15.7096 0.128992 15.5806
6.85 15.7662 0.128612 15.6376
6.85833 15.823 0.128233 15.6947
6.86667 15.8799 0.127856 15.752
6.875 15.9369 0.127481 15.8094
6.88333 15.9941 0.127108 15.867
6.89167 16.0514 0.126737 15.9247
6.9 16.1089 0.126368 15.9825
6.90833 16.1665 0.126002 16.0405
6.91667 16.2242 0.125637 16.0986
6.925 16.2821 0.125274 16.1569
6.93333 16.3402 0.124912 16.2153
6.94167 16.3984 0.124553 16.2738
6.95 16.4567 0.124196 16.3325
6.95833 16.5151 0.12384 16.3913
6.96667 16.5738 0.123487 16.4503
6.975 16.6325 0.123135 16.5094
6.98333 16.6914 0.122785 16.5686
6.99167 16.7504 0.122437 16.628
7 16.8096 0.122091 16.6875
7.00833 16.8689 0.121746 16.7472
7.01667 16.9284 0.121403 16.807
7.025 16.988 0.121063 16.867
7.03333 17.0478 0.120723 16.9271
7.04167 17.1077 0.120386 16.9873
7.05 17.1677 0.12005 17.0477
7.05833 17.2279 0.119716 17.1082
7.06667 17.2882 0.119384 17.1689
7.075 17.3487 0.119053 17.2297
7.08333 17.4094 0.118724 17.2906
7.09167 17.4701 0.118397 17.3517
7.1 17.531 0.118071 17.413
7.10833 17.5921 0.117747 17.4744
7.11667 17.6533 0.117425 17.5359
7.125 17.7147 0.117104 17.5976
7.13333 17.7762 0.116785 17.6594
7.14167 17.8378 0.116467 17.7213
7.15 17.8996 0.116151 17.7834
7.15833 17.9615 0.115837 17.8457
7.16667 18.0236 0.115524 17.9081
7.175 18.0859 0.115213 17.9706
7.18333 18.1482 0.114903 18.0333
7.19167 18.2108 0.114595 18.0962
7.2 18.2734 0.114288 18.1591
7.20833 18.3362 0.113983 18.2223
7.21667 18.3992 0.113679 18.2855
7.225 18.4623 0.113377 18.349
7.23333 18.5256 0.113076 18.4125
7.24167 18.589 0.112777 18.4762
7.25 18.6526 0.112479 18.5401
7.25833 18.7163 0.112182 18.6041
7.26667 18.7801 0.111887 18.6682
7.275 18.8441 0.111594 18.7325
7.28333 18.9083 0.111302 18.797
7.29167 18.9726 0.111011 18.8616
7.3 19.037 0.110722 18.9263
7.30833 19.1017 0.110434 18.9912
7.31667 19.1664 0.110147 19.0563
7.325 19.2313 0.109862 19.1214
7.33333 19.2964 0.109578 19.1868
7.34167 19.3616 0.109296 19.2523
7.35 19.4269 0.109015 19.3179
7.35833 19.4924 0.108735 19.3837
7.36667 19.5581 0.108456 19.4496
7.375 19.6239 0.108179 19.5157
7.38333 19.6898 0.107903 19.5819
7.39167 19.7559 0.107629 19.6483
7.4 19.8222 0.107355 19.7148
7.40833 19.8886 0.107083 19.7815
7.41667 19.9551 0.106812 19.8483
7.425 20.0219 0.106543 19.9153
7.43333 20.0887 0.106275 19.9824
7.44167 20.1557 0.106008 20.0497
7.45 20.2229 0.105742 20.1172
7.45833 20.2902 0.105477 20.1847
7.46667 20.3577 0.105214 20.2525
7.475 20.4253 0.104952 20.3204
7.48333 20.4931 0.104691 20.3884
7.49167 20.561 0.104431 20.4566
7.5 20.6291 0.104173 20.5249
7.50833 20.6973 0.103916 20.5934
7.51667 20.7657 0.103659 20.6621
7.525 20.8343 0.103404 20.7309
7.53333 20.903 0.103151 20.7998
7.54167 20.9718 0.102898 20.8689
7.55 21.0408 0.102646 20.9382
7.55833 21.11 0.102396 21.0076
7.56667 21.1793 0.102147 21.0771
7.575 21.2487 0.101898 21.1468
7.58333 21.3184 0.101651 21.2167
7.59167 21.3881 0.101405 21.2867
7.6 21.4581 0.101161 21.3569
7.60833 21.5282 0.100917 21.4272
7.61667 21.5984 0.100674 21.4977
7.625 21.6688 0.100433 21.5684
7.63333 21.7394 0.100192 21.6392
7.64167 21.8101 0.0999527 21.7101
7.65 21.8809 0.0997143 21.7812
7.65833 21.9519 0.0994769 21.8525
7.66667 22.0231 0.0992406 21.9239
7.675 22.0945 0.0990054 21.9955
7.68333 22.1659 0.0987711 22.0672
7.69167 22.2376 0.0985379 22.1391
7.7 22.3094 0.0983057 22.2111
7.70833 22.3814 0.0980746 22.2833
7.71667 22.4535 0.0978444 22.3556
7.725 22.5258 0.0976152 22.4281
7.73333 22.5982 0.0973871 22.5008
7.74167 22.6708 0.0971599 22.5736
7.75 22.7435 0.0969336 22.6466
7.75833 22.8164 0.0967084 22.7197
7.76667 22.8895 0.0964842 22.793
7.775 22.9627 0.0962608 22.8665
7.78333 23.0361 0.0960385 22.9401
7.79167 23.1096 0.0958171 23.0138
7.8 23.1833 0.0955967 23.0877
7.80833 23.2572 0.0953772 23.1618
7.81667 23.3312 0.0951586 23.2361
7.825 23.4054 0.0949409 23.3105
7.83333 23.4797 0.0947242 23.385
7.84167 23.5542 0.0945084 23.4597
7.85 23.6289 0.0942935 23.5346
7.85833 23.7037 0.0940795 23.6096
7.86667 23.7787 0.0938665 23.6848
7.875 23.8538 0.0936542 23.7602
7.88333 23.9291 0.093443 23.8357
7.89167 24.0046 0.0932326 23.9113
7.9 24.0802 0.093023 23.9872
7.90833 24.156 0.0928143 24.0632
7.91667 24.2319 0.0926066 24.1393
7.925 24.308 0.0923996 24.2156
7.93333 24.3843 0.0921935 24.2921
7.94167 24.4607 0.0919883 24.3687
7.95 24.5373 0.091784 24.4455
7.95833 24.614 0.0915804 24.5225
7.96667 24.691 0.0913777 24.5996
7.975 24.768 0.0911759 24.6769
7.98333 24.8453 0.0909748 24.7543
7.99167 24.9227 0.0907746 24.8319
8 25.0002 0.0905752 24.9097
8.00833 25.078 0.0903767 24.9876
8.01667 25.1558 0.0901789 25.0657
8.025 25.2339 0.0899819 25.1439
8.03333 25.3121 0.0897858 25.2223
8.04167 25.3905 0.0895904 25.3009
8.05 25.469 0.0893958 25.3796
8.05833 25.5477 0.089202 25.4585
8.06667 25.6266 0.089009 25.5376
8.075 25.7056 0.0888168 25.6168
8.08333 25.7848 0.0886253 25.6962
8.09167 25.8642 0.0884347 25.7758
8.1 25.9437 0.0882447 25.8555
8.10833 26.0234 0.0880556 25.9354
8.11667 26.1033 0.0878671 26.0154
8.125 26.1833 0.0876795 26.0956
8.13333 26.2635 0.0874926 26.176
8.14167 26.3439 0.0873064 26.2566
8.15 26.4244 0.0871209 26.3373
8.15833 26.5051 0.0869363 26.4181
8.16667 26.5859 0.0867523 26.4992
8.175 26.6669 0.086569 26.5804
8.18333 26.7481 0.0863865 26.6617
8.19167 26.8295 0.0862047 26.7433
8.2 26.911 0.0860236 26.825
8.20833 26.9927 0.0858432 26.9068
8.21667 27.0745 0.0856635 26.9889
8.225 27.1566 0.0854845 27.0711
8.23333 27.2387 0.0853062 27.1534
8.24167 27.3211 0.0851286 27.236
8.25 27.4036 0.0849517 27.3187
8.25833 27.4863 0.0847755 27.4015
8.26667 27.5692 0.0846 27.4846
8.275 27.6522 0.0844251 27.5678
8.28333 27.7354 0.0842509 27.6511
8.29167 27.8188 0.0840774 27.7347
8.3 27.9023 0.0839046 27.8184
8.30833 27.986 0.0837324 27.9023
8.31667 28.0699 0.0835608 27.9863
8.325 28.1539 0.0833899 28.0705
8.33333 28.2381 0.0832197 28.1549
8.34167 28.3225 0.0830502 28.2395
8.35 28.4071 0.0828813 28.3242
8.35833 28.4918 0.082713 28.4091
8.36667 28.5767 0.0825453 28.4941
8.375 28.6617 0.0823783 28.5793
8.38333 28.7469 0.0822119 28.6647
8.39167 28.8324 0.0820462 28.7503
8.4 28.9179 0.081881 28.836
8.40833 29.0037 0.0817165 28.9219
8.41667 29.0896 0.0815526 29.008
8.425 29.1757 0.0813894 29.0943
8.43333 29.2619 0.0812267 29.1807
8.44167 29.3483 0.0810647 29.2673
8.45 29.4349 0.0809032 29.354
8.45833 29.5217 0.0807423 29.441
8.46667 29.6087 0.0805821 29.5281
8.475 29.6958 0.0804224 29.6154
8.48333 29.7831 0.0802633 29.7028
8.49167 29.8705 0.0801049 29.7904
8.5 29.9582 0.079947 29.8782
8.50833 30.046 0.0797897 29.9662
8.51667 30.1339 0.0796329 30.0543
8.525 30.2221 0.0794768 30.1426
8.53333 30.3104 0.0793212 30.2311
8.54167 30.3989 0.0791662 30.3198
8.55 30.4876 0.0790117 30.4086
8.55833 30.5764 0.0788579 30.4976
8.56667 30.6655 0.0787045 30.5868
8.575 30.7547 0.0785518 30.6761
8.58333 30.844 0.0783996 30.7656
8.59167 30.9336 0.0782479 30.8553
8.6 31.0233 0.0780968 30.9452
8.60833 31.1132 0.0779462 31.0352
8.61667 31.2032 0.0777962 31.1255
8.625 31.2935 0.0776467 31.2158
8.63333 31.3839 0.0774978 31.3064
8.64167 31.4745 0.0773494 31.3972
8.65 31.5653 0.0772015 31.4881
8.65833 31.6562 0.0770542 31.5792
8.66667 31.7473 0.0769074 31.6704
8.675 31.8386 0.0767611 31.7619
8.68333 31.9301 0.0766153 31.8535
8.69167 32.0218 0.07647 31.9453
8.7 32.1136 0.0763253 32.0373
8.70833 32.2056 0.0761811 32.1294
8.71667 32.2978 0.0760374 32.2217
8.725 32.3901 0.0758942 32.3142
8.73333 32.4827 0.0757515 32.4069
8.74167 32.5754 0.0756093 32.4998
8.75 32.6683 0.0754676 32.5928
8.75833 32.7614 0.0753264 32.686
8.76667 32.8546 0.0751857 32.7794
8.775 32.948 0.0750455 32.873
8.78333 33.0416 0.0749058 32.9667
8.79167 33.1354 0.0747665 33.0607
8.8 33.2294 0.0746278 33.1548
8.80833 33.3235 0.0744896 33.249
8.81667 33.4178 0.0743518 33.3435
8.825 33.5123 0.0742145 33.4381
8.83333 33.607 0.0740777 33.5329
8.84167 33.7019 0.0739413 33.6279
8.85 33.7969 0.0738054 33.7231
8.85833 33.8921 0.07367 33.8185
8.86667 33.9875 0.0735351 33.914
8.875 34.0831 0.0734006 34.0097
8.88333 34.1789 0.0732666 34.1056
8.89167 34.2748 0.073133 34.2017
8.9 34.3709 0.073 34.2979
8.90833 34.4672 0.0728673 34.3944
8.91667 34.5637 0.0727351 34.491
8.925 34.6604 0.0726034 34.5878
8.93333 34.7572 0.0724721 34.6847
8.94167 34.8542 0.0723412 34.7819
8.95 34.9514 0.0722108 34.8792
8.95833 35.0488 0.0720809 34.9767
8.96667 35.1464 0.0719514 35.0744
8.975 35.2442 0.0718223 35.1723
8.98333 35.3421 0.0716936 35.2704
8.99167 35.4402 0.0715654 35.3686
9 35.5385 0.0714376 35.4671
9.00833 35.637 0.0713103 35.5657
9.01667 35.7357 0.0711834 35.6645
9.025 35.8345 0.0710569 35.7634
9.03333 35.9335 0.0709308 35.8626
9.04167 36.0328 0.0708051 35.962
9.05 36.1322 0.0706799 36.0615
9.05833 36.2317 0.0705551 36.1612
9.06667 36.3315 0.0704307 36.2611
9.075 36.4315 0.0703067 36.3612
9.08333 36.5316 0.0701831 36.4614
9.09167 36.6319 0.0700599 36.5619
9.1 36.7324 0.0699372 36.6625
9.10833 36.8331 0.0698148 36.7633
9.11667 36.934 0.0696928 36.8643
9.125 37.0351 0.0695713 36.9655
9.13333 37.1363 0.0694501 37.0669
9.14167 37.2377 0.0693294 37.1684
9.15 37.3394 0.069209 37.2701
9.15833 37.4412 0.069089 37.3721
9.16667 37.5431 0.0689695 37.4742
9.175 37.6453 0.0688503 37.5765
9.18333 37.7477 0.0687315 37.679
9.19167 37.8502 0.0686131 37.7816
9.2 37.953 0.068495 37.8845
9.20833 38.0559 0.0683774 37.9875
9.21667 38.159 0.0682601 38.0907
9.225 38.2623 0.0681433 38.1942
9.23333 38.3658 0.0680267 38.2978
9.24167 38.4695 0.0679106 38.4015
9.25 38.5733 0.0677949 38.5055
9.25833 38.6774 0.0676795 38.6097
9.26667 38.7816 0.0675645 38.714
9.275 38.886 0.0674498 38.8186
9.28333 38.9906 0.0673355 38.9233
9.29167 39.0954 0.0672216 39.0282
9.3 39.2004 0.0671081 39.1333
9.30833 39.3056 0.0669949 39.2386
9.31667 39.411 0.066882 39.3441
9.325 39.5165 0.0667696 39.4498
9.33333 39.6223 0.0666575 39.5556
9.34167 39.7282 0.0665457 39.6617
9.35 39.8343 0.0664343 39.7679
9.35833 39.9406 0.0663232 39.8743
9.36667 40.0471 0.0662125 39.9809
9.375 40.1538 0.0661022 40.0877
9.38333 40.2607 0.0659922 40.1947
9.39167 40.3678 0.0658825 40.3019
9.4 40.4751 0.0657732 40.4093
9.40833 40.5825 0.0656642 40.5169
9.41667 40.6902 0.0655556 40.6246
9.425 40.798 0.0654473 40.7326
9.43333 40.9061 0.0653393 40.8407
9.44167 41.0143 0.0652317 40.949
9.45 41.1227 0.0651244 41.0576
9.45833 41.2313 0.0650175 41.1663
9.46667 41.3401 0.0649108 41.2752
9.475 41.4491 0.0648046 41.3843
9.48333 41.5583 0.0646986 41.4936
9.49167 41.6676 0.064593 41.6031
9.5 41.7772 0.0644877 41.7127
9.50833 41.887 0.0643827 41.8226
9.51667 41.9969 0.064278 41.9327
9.525 42.1071 0.0641737 42.0429
9.53333 42.2174 0.0640697 42.1534
9.54167 42.328 0.063966 42.264
9.55 42.4387 0.0638626 42.3748
9.55833 42.5496 0.0637595 42.4858
9.56667 42.6607 0.0636568 42.5971
9.575 42.772 0.0635543 42.7085
9.58333 42.8835 0.0634522 42.8201
9.59167 42.9952 0.0633504 42.9319
9.6 43.1071 0.0632489 43.0439
9.60833 43.2192 0.0631477 43.1561
9.61667 43.3315 0.0630468 43.2685
9.625 43.444 0.0629462 43.381
9.63333 43.5567 0.062846 43.4938
9.64167 43.6695 0.062746 43.6068
9.65 43.7826 0.0626463 43.72
9.65833 43.8959 0.0625469 43.8333
9.66667 44.0093 0.0624478 43.9469
9.675 44.123 0.0623491 44.0606
9.68333 44.2368 0.0622506 44.1746
9.69167 44.3509 0.0621524 44.2887
9.7 44.4651 0.0620545 44.4031
9.70833 44.5796 0.0619569 44.5176
9.71667 44.6942 0.0618596 44.6323
9.725 44.809 0.0617625 44.7473
9.73333 44.9241 0.0616658 44.8624
9.74167 45.0393 0.0615694 44.9777
9.75 45.1547 0.0614732 45.0933
9.75833 45.2704 0.0613773 45.209
9.76667 45.3862 0.0612817 45.3249
9.775 45.5022 0.0611864 45.441
9.78333 45.6184 0.0610914 45.5573
9.79167 45.7348 0.0609966 45.6739
9.8 45.8515 0.0609021 45.7906
9.80833 45.9683 0.0608079 45.9075
9.81667 46.0853 0.060714 46.0246
9.825 46.2025 0.0606204 46.1419
9.83333 46.3199 0.060527 46.2594
9.84167 46.4375 0.0604339 46.3771
9.85 46.5554 0.0603411 46.495
9.85833 46.6734 0.0602485 46.6131
9.86667 46.7916 0.0601562 46.7314
9.875 46.91 0.0600642 46.8499
9.88333 47.0286 0.0599725 46.9687
9.89167 47.1474 0.059881 47.0876
9.9 47.2665 0.0597897 47.2067
9.90833 47.3857 0.0596988 47.326
9.91667 47.5051 0.0596081 47.4455
9.925 47.6247 0.0595176 47.5652
9.93333 47.7445 0.0594275 47.6851
9.94167 47.8646 0.0593376 47.8052
9.95 47.9848 0.0592479 47.9255
9.95833 48.1052 0.0591585 48.0461
9.96667 48.2258 0.0590693 48.1668
9.975 48.3467 0.0589805 48.2877
9.98333 48.4677 0.0588918 48.4088
9.99167 48.5889 0.0588034 48.5301
10 48.7104 0.0587153 48.6517
